-1.39
2.84
3.38
3.17
2.12
4.58
-4.65
-1.22
0.74
-3.52
-3.38
0.67
4.26
-4.61
-3.36
2.97
2.31
-0.49
-4.64
1.2
1.83
1.94
0.09
2.9
-3.15
2.64
-1.22
-2.1
0.72
2.33
1.09
1.37
-1.41
-1.49
3.34
-1.42
1.61
-2.9
4.58
-2.17
-0.38
1.77
3.58
-0.6
-0.92
0.18
-1.19
1.98
1.22
0.64
-2.15
-4.65
1.89
2.98
3.65
-1.78
3.46
3.87
0.42
-3.59
-2.78
3.92
-3.9
-3.64
1.3
-1.41
-4.91
-0.68
4.15
-4.61
0.93
-3.5
-0.96
1.43
4.25
1.01
0.33
-3.75
3.43
-2.58
-3.96
-3.57
0.28
-3.98
3.54
3.03
3.12
4.85
1.77
-2.69
-0.67
-0.22
3.99
-0.46
2.28
2.64
-3.72
-2.06
-3.66
-2.08
1.04
-0.1
-4.9
3.74
-1.47
1.53
-1.04
-2.2
3.54
2.43
3.21
2.43
3.18
-3.45
0.52
-2.96
-4.66
3.51
-3.37
1.99
-0.65
3.5
3.45
2.59
-1.19
2.9
3.88
1.68
-0.12
-3.9
2.39
-1.42
3.48
-4.8
-3.86
-4.88
0.12
1.18
2.59
-0.67
2.97
-2.7
4.05
-4.26
0.94
-4.07
1.32
0.55
2.24
-2.21
2.26
0.09
3.74
-2.34
-4.36
2.38
3.61
-0.66
-1.86
3.09
3.81
-4.3
-0.74
3.44
0.31
0.17
-1.48
-1.59
0.78
4.31
4.01
-3.87
1.72
3.59
-4.13
-4.74
-2.33
0.41
-4.97
2.78
-2.06
-0.18
0.82
-0.32
-3
-1.23
-1.86
-4.92
0.79
4.6
-3.62
-4.12
-0.92
1.81
4.06
0.78
-3.43
-3.77
-4.62
-0.95
0.23
3.35
-2.91
-2.03
3
-1.62
3.14
2.42
0.69
-4.81
-1.5
-0.48
-2.21
-2.6
0.02
3.91
2.14
4.63
-2.82
-3
2.23
-1.75
-2.49
-1.65
2.93
1.51
-0.94
-3.82
4.77
2.9
-3.17
1.25
-0.73
-4.44
1.6
0.71
2.67
-0.94
2.82
-3.53
2.71
3.17
-1.29
4.53
-3.97
-1.48
-0.23
4.36
4.72
-3.61
4.29
-2.3
4.75
-3.27
3.86
1.52
-3.23
-0.13
0.44
-4.96
-1.25
-1.55
0.25
2.4
-0.95
4.6
-4.31
-4.65
-1.15
2.57
1.35
2.16
0.61
-2.79
4.75
1.12
1.6
2.24
-1.87
1.14
-4.68
-0.9
-4.94
-4.6
-1.05
1.88
2.48
-2.28
-4.07
-1.86
4.26
-3.05
-2.76
-1.01
2.5
-1.83
1.88
-4.95
-2.48
3.19
1.21
2.13
-4.03
-2.2
-0.15
0.12
2.36
0.26
0.42
-0.27
-0.16
0.2
-2.28
-3.86
-2.94
0.9
-0.05
-3.54
-1.88
3.01
1.66
-0.07
1.62
1.61
4.02
-2.21
2.17
0.13
-3.61
1
4.31
4.61
-0.39
3.44
1.66
0.55
-1.78
4.53
2.54
0.15
1.87
-3.26
-0.78
0.06
-3.13
-3.97
-0.25
3.19
-4.6
4.64
1.59
-0.42
-3.92
3.36
2.05
3.87
-2.64
-4.18
2.17
3.39
-3.52
4.33
3.05
1.59
3.37
-3.23
2.81
-4.74
-4.97
-0.7
-1.28
-1.64
0.18
1.75
2.48
0.16
2.01
-4.02
-0.9
-4.31
-2.88
0.26
1.6
-4.85
1.86
-3.76
0.98
-2.2
-0.04
-1.18
1.05
1.4
4.78
-3.71
2.33
-4.29
-0.72
2.81
2.77
3.26
3.43
2.7
-1.04
-1.46
-3.85
0.92
2.07
-0.82
-1.06
0.04
-1.5
4.6
-1.22
-1.19
-3.93
2.24
3.49
2.9
4.16
3.26
4.81
3.82
-2.6
-1.8
1.47
4.38
-0.23
-2
4.89
0.01
4.24
-2.04
0.01
0.69
0.41
-3.56
-0.24
0.6
-0.53
-4.82
4.93
-3.65
-3.12
3.95
-2.23
-2.53
1.74
-4.96
2.99
-3.35
2.05
-2.28
-4.47
0.19
-1.56
-4.77
-4.29
0
-4.68
4.51
1.01
0.96
-0.8
-4.37
4.91
-4.26
-3.06
-0.37
-2.86
-3.87
-3.9
1.87
2.33
-4.37
2.79
-2.03
1.8
-2.38
-0.14
0.82
-3.98
4.99
4.01
-3.8
4.94
4.93
-3.52
0.51
-2.16
-4.84
1.6
4.25
2.33
-4.24
0.85
-4.91
3.06
-0.42
-4.31
-0.17
