3.67
1.15
-2.76
-4.06
3.88
3.44
-0.2
3.16
3.45
-1.14
1.87
0.14
-4.62
-2.3
2.48
-4.5
2.11
3.9
-1.89
-3.81
1.45
2.38
-0.2
-2.89
-4.1
4.26
-4.8
1.59
2.95
4.49
4.54
5
0.78
-4.24
3.42
-4.27
-3.6
1.72
1.99
2.93
1.17
1.02
-4.91
-4.79
3.32
-4.65
-2.83
-1.97
-1.21
1.07
0.68
0.63
0.33
1.58
1.62
4.43
-0.52
-2.99
-2.69
-3.25
3.89
3.85
-1.28
0.77
-2.54
-2.85
3.18
0.87
0.2
1.21
-2.99
-1.26
1.51
1.34
1.72
1.19
4.88
-0.88
0.81
-1.86
4.3
-2.48
3.39
-4.62
2.28
4.63
-0.34
1.28
-2.43
-4.53
-1.99
-3.68
1.28
1.85
-2.08
-4.19
-0.71
4.24
-2.51
-0.94
-2.18
-1.5
-0.89
-0.95
2.63
4.05
-0.4
3.55
1.22
0.29
1.68
-2.2
-1.48
-1.02
-2.13
1.99
2.2
-3.37
1.21
-0.49
-4.53
2.87
-1.99
-4.83
1.06
-0.86
4.9
-0.49
4.57
-4.19
2.97
-1.35
4.32
1.2
-2.61
-3.52
-4.47
2.36
2.08
-4.35
-3.42
-3.7
1.56
3.59
3.53
0.36
-1.5
1.41
4.33
0.69
-3.81
4.95
3.62
0.84
-2.15
1.28
-1.32
-3.43
-0.11
3.59
-4
-0.81
2.32
-3.33
0.41
-4.78
-2.26
-4.18
-1.41
3.19
-1.78
1.11
2.81
2.39
-3.19
-3.11
-3.45
1.15
-4.61
1.84
0.27
-0.41
-2.29
-4.2
-3.62
0.74
3.46
4.12
1.7
-3.95
-4.9
-4.49
-4.32
-2.62
-1.92
-4.37
1.92
1.32
-3.77
-4.48
-0.2
-1.98
3.01
-3.32
-2.62
-3.8
4.04
2.25
3.08
0.06
-1.09
-3.24
-0.48
3.54
-2.68
-3.19
-1.26
3.28
0.27
4.12
-2.41
3.61
-3.02
-3.54
-2.43
4.27
4.58
0.82
-3.83
-1.75
4.2
-1.43
-3.18
-3.41
2.82
-3.12
-4.06
-4.49
3.6
-3.82
3.71
-0.36
3.92
3.52
-2.33
-4.06
-0.03
-0.79
1.36
0.93
1.92
-1.09
-1.48
1.53
2.98
0.54
-0.39
2.55
-1.69
-1.95
0.9
-3.94
0.39
3.94
4.93
2.42
-4.56
2.75
0.4
0.04
0.8
-3.99
0.3
-1.77
2.7
4.84
-3.28
-4.92
0.84
-1.7
-2.85
2.9
-3.4
-1.11
-1.73
-3.04
-4.84
-3.12
0.63
-3.44
-2.93
-4.59
0.51
-2.07
-3.25
-3.34
3.94
2.99
-4.51
0.84
-2.31
-4.8
2.12
-4.71
-4.73
2.52
-4.25
2.26
-3.94
-2.3
2.34
-2.66
3.62
2.99
1.82
-1.43
-0.41
-1.69
-1.47
-1.97
1.88
2.59
2.8
-4.55
-3.51
-0.55
-1.32
-0.16
-2.04
4.68
3.99
1.38
-1.51
4.31
3.43
-2.96
-2.02
-3.85
0.08
-1.56
2.06
-4.48
-1.59
-2.28
-3.47
-0.49
3.26
-4.99
-1.79
1.48
-0.67
0.69
2.02
0.48
3.52
0.17
-4.69
-2.4
-1.08
-4.4
-3.39
-1.31
-1.04
1.16
-4.43
-1.71
4.67
4.18
2.49
3.83
-1.39
-4.18
-3.8
-4.1
-0.42
2.75
-2.7
-2.91
-4.53
-4.36
-2.11
4.56
-2.4
-0.38
2.47
-4.34
-4.37
2.63
3.98
0.85
3.85
-1.77
-1.31
-0.89
-2.39
4.31
2.07
-2.17
-0.26
3.93
1.84
4.88
-3.92
-0.85
-4.56
-2.44
2.18
-1.21
-0.57
2.12
-2.64
-0.43
0.6
-4.68
-4.86
-0.45
1.2
0.34
-0.76
-1.01
4.58
-4.05
2.69
4
-1.81
1.14
1.9
-4.79
-3.79
1.82
-3.75
-3.62
0.92
-4.86
2.26
-3.15
3.59
-3.02
-3.06
-4.85
3.08
-3.42
4
2.7
-4.96
-4.49
3.36
1.35
1.08
3.69
-2.56
-0.59
0.61
0.55
2.75
1.29
3.8
-1.72
0.04
-0.14
-4
-4.8
-2.57
-0.48
0.76
-4.84
-2.8
-1.57
3.1
2.93
-0.23
4.78
4.57
4.32
-4.46
-4.13
1.2
-2.74
-1.63
-1.53
1.33
-0.8
-1.68
-2.72
-4.17
2.92
4.87
3.16
1.55
3.61
0.97
-2.23
2.08
2.11
-4.31
-3.85
-4.18
-0.93
-3.25
0.24
